Enlace 1001 1002 00142 00005 0010
Enlace 1002 1004 00500 00008 0002
Enlace 1003 1004 00150 00010 0020
Enlace 1005 1004 00300 00003 0080
Enlace 1005 1006 00056 00011 0003
Enlace 1005 1009 00142 00004 0010
Enlace 1010 1004 00500 00009 0002
Enlace 1010 1009 00150 00002 0020
Enlace 1008 1009 00300 00006 0080
Enlace 1008 1007 00056 00005 0003
Enlace 1007 1006 00300 00001 0080
Enlace 1008 1007 00056 00008 0003
Enlace 1006 1009 00056 00007 0003
Inicio 1001 1526 1007 1527 0001
Inicio 1008 2000 1003 2000 0002
Inicio 1005 2000 1010 2035 0003
Fin 1001 1526 1007 1527 0029
Fin 1008 2000 1003 2000 0030
Fin 1005 2000 1010 2035 0040