Enlace 4784 4785 00142 05410 0010
Enlace 1000 5000 00500 02356 0002
Enlace 4784 2500 00150 01356 0020
Enlace 2500 4785 00300 04689 0080
Enlace 5000 4785 00056 01000 0003
Inicio 4784 1526 4784 1527 0001
Inicio 4784 2000 4785 2000 0002
Inicio 2500 1528 4785 1529 0002
Inicio 4784 1530 4785 1520 0003
Inicio 4784 1238 4785 2000 0004
Inicio 4785 1521 4785 1524 0005
Fin 4784 1238 4785 2000 0006
Inicio 4785 1525 4784 1526 0010
Fin 2500 1528 4785 1529 00015
Inicio 4784 1528 4784 1527 0029
Fin 4784 2000 4785 2000 0029
Fin 4784 1526 4784 1527 0030
Fin 4784 1530 4785 1520 0040
Fin 4785 1521 4785 1524 0041
Fin 4785 1525 4784 1526 0050
Fin 4784 1528 4784 1527 0055
Inicio 1000 3256 5000 3258 0060
Inicio 1000 2300 4785 2000 0070
Inicio 1000 1324 5000 3214 0075
Fin 1000 2300 4785 2000 0080
Fin 1000 3256 5000 3258 0085
Fin 1000 1324 5000 3214 0085
